7.245657568240000401e-01 2.481389578159999901e-02 1.381306865180000065e-01 1.124896608770000056e-01
9.346567411080000665e-02 3.159636062860000094e-01 2.009925558310000082e-01 3.895781637719999968e-01
5.376344086019999718e-02 6.286186931350000451e-02 8.006617038879999537e-01 8.271298593879999883e-02
3.060380479739999854e-02 1.075268817199999914e-02 2.729528535980000128e-02 9.313482216709999539e-01
1.736972704709999898e-02 6.286186931350000451e-02 8.949545078580000146e-01 2.481389578159999901e-02
2.224979321749999961e-01 4.524400330850000262e-01 2.555831265510000172e-01 6.947890818860000262e-02
3.391232423490000286e-02 3.151364764269999896e-01 3.043837882550000096e-01 3.465674110840000210e-01
4.888337468980000211e-01 2.712985938790000162e-01 1.778329197680000029e-01 6.203473945409999912e-02
1.224152191890000019e-01 5.384615384619999556e-01 2.266335814719999953e-01 1.124896608770000056e-01
7.129859387920000069e-01 4.549214226630000218e-02 1.927212572370000099e-01 4.880066170390000291e-02
1.654259718780000110e-01 4.094292803969999950e-01 3.391232423489999870e-01 8.602150537630000315e-02
1.397849462369999962e-01 5.442514474770000499e-01 2.423490488009999999e-01 7.361455748549999845e-02
1.712158808929999942e-01 5.045492142269999980e-02 8.023159636059999655e-02 6.980976013230000277e-01
6.782464846980000572e-02 6.534325889160000345e-02 6.741108354010000303e-01 1.927212572370000099e-01
8.023159636059999655e-02 3.870967741940000151e-01 1.910669975189999981e-01 3.416046319270000242e-01
2.646815550039999937e-02 1.861042183620000012e-01 3.804797353179999869e-02 7.493796526049999462e-01
