3.812654067380000233e-01 3.779786359900000337e-02 4.042728019719999955e-01 1.766639276910000056e-01
2.423993426459999934e-01 1.520131470830000109e-01 3.451109285130000148e-01 2.604765817579999809e-01
9.548069022189999977e-01 1.314708299099999998e-02 2.136400986030000115e-02 1.068200493020000051e-02
4.683648315530000023e-02 8.069022185699999961e-01 1.314708299100000033e-01 1.479046836480000029e-02
1.643385373869999944e-01 2.711585866890000029e-01 4.511092851269999926e-01 1.133935907969999962e-01
3.368940016429999851e-02 4.190632703370000128e-02 5.283483976989999942e-01 3.960558751029999991e-01
3.730484798690000270e-01 4.634346754309999761e-01 7.559572719800000673e-02 8.792111750209999355e-02
1.166803615449999998e-01 3.944124897290000181e-02 2.382908792110000062e-02 8.200493015609999770e-01
2.473294987670000000e-01 3.607230895649999880e-01 1.865242399339999968e-01 2.054231717339999874e-01
3.533278553819999696e-02 3.368940016429999851e-02 3.582580115039999957e-01 5.727198027940000324e-01
7.559572719800000673e-02 9.860312243219999939e-02 6.244864420710000141e-02 7.633525061629999886e-01
2.161051766640000038e-01 5.932621199669999568e-01 1.216105176660000065e-01 6.902218570250000240e-02
2.465078060810000152e-02 1.002465078060000014e-01 7.271980279380000356e-01 1.479046836479999960e-01
4.396055875100000065e-01 1.602300739520000072e-01 1.084634346749999978e-01 2.917009038619999828e-01
1.068200493019999947e-01 3.697617091210000234e-02 2.629416598189999732e-01 5.932621199669999568e-01
1.347576006569999874e-01 8.216926869349999718e-02 7.066557107639999391e-02 7.124075595729999488e-01
