2.550702028080000239e-01 3.073322932920000139e-01 2.051482059280000103e-01 2.324492979720000074e-01
2.745709828389999996e-01 3.393135725429999860e-01 1.739469578779999914e-01 2.121684867389999896e-01
1.989079563180000121e-01 2.012480499219999885e-01 2.402496099839999955e-01 3.595943837750000260e-01
1.505460218409999940e-01 3.416536661469999903e-01 2.745709828389999996e-01 2.332293291729999885e-01
3.244929797189999854e-01 2.238689547580000050e-01 1.950078003119999903e-01 2.566302652110000193e-01
4.469578783150000012e-01 2.082683307329999955e-01 2.542901716070000151e-01 9.048361934479999535e-02
4.921996879880000120e-01 9.048361934479999535e-02 3.744149765990000267e-01 4.290171606860000014e-02
6.606864274570000140e-01 3.369734789389999818e-01 0.000000000000000000e+00 2.340093603739999955e-03
4.703588143529999765e-01 4.680187207489999723e-03 3.556942277690000043e-01 1.692667706709999886e-01
8.580343213729999668e-03 8.790951638070000351e-01 5.382215288609999704e-02 5.850234009360000265e-02
0.000000000000000000e+00 3.432137285490000078e-02 9.656786271449999681e-01 0.000000000000000000e+00
4.134165366610000059e-02 0.000000000000000000e+00 1.474258970360000087e-01 8.112324492979999802e-01
9.438377535099999605e-02 3.494539781589999783e-01 4.773790951640000113e-01 7.878315132610000382e-02
0.000000000000000000e+00 5.436817472699999598e-01 0.000000000000000000e+00 4.563182527299999847e-01
4.305772230889999830e-01 3.120124804990000167e-03 5.663026521059999485e-01 0.000000000000000000e+00
3.120124804990000167e-03 6.700468018720000529e-01 3.900156006239999945e-02 2.878315132609999827e-01
