2.122040072860000015e-01 2.331511839709999867e-01 2.786885245899999863e-01 2.759562841529999977e-01
2.194899817850000101e-01 2.650273224040000097e-01 2.395264116580000102e-01 2.759562841529999977e-01
2.085610200359999944e-01 2.486338797809999890e-01 3.269581056470000080e-01 2.158469945360000086e-01
9.061930783239999787e-01 8.196721311480000341e-03 7.832422586520000618e-02 7.285974499089999980e-03
8.123861566479999574e-01 7.650273224039999542e-02 6.739526411660000382e-02 4.371584699449999889e-02
1.092896174860000062e-02 9.417122040069999533e-01 5.464480874319999938e-03 4.189435336979999841e-02
9.107468123859999709e-01 4.007285974500000153e-02 4.189435336979999841e-02 7.285974499089999980e-03
3.224043715850000158e-01 1.220400728600000012e-01 4.517304189440000117e-01 1.038251366120000047e-01
7.832422586520000618e-02 6.821493624769999764e-01 1.438979963570000131e-01 9.562841530049999428e-02
8.196721311479999994e-02 1.001821493620000045e-02 3.187613843349999809e-02 8.761384335149999814e-01
9.107468123859999154e-03 7.285974499089999980e-03 9.617486338799999812e-01 2.185792349730000111e-02
7.468123861570000188e-02 4.280510018210000045e-02 2.459016393440000003e-02 8.579234972679999904e-01
4.371584699449999889e-02 3.032786885250000064e-01 1.275045537339999924e-02 6.402550091069999505e-01
2.413479052820000081e-01 3.524590163929999798e-01 2.386156648449999917e-01 1.675774134789999870e-01
1.448087431689999982e-01 2.322404371579999960e-01 3.242258652089999860e-01 2.987249544630000142e-01
3.724954462660000076e-01 2.495446265940000075e-01 1.876138433519999871e-01 1.903460837890000035e-01
