3.406304728549999772e-01 1.611208406300000118e-01 2.714535901930000272e-01 2.267950963220000116e-01
4.290718038530000333e-02 7.092819614709999776e-02 8.660245183889999643e-01 2.014010507879999967e-02
3.239929947459999765e-02 9.036777583189999907e-01 3.239929947459999765e-02 3.152364273199999983e-02
9.325744308229999557e-01 1.838879159370000044e-02 2.626970227669999866e-02 2.276707530650000019e-02
5.691768826620000055e-02 9.185639229419999552e-01 2.014010507879999967e-02 4.378283712780000128e-03
8.756567425569999202e-03 1.313485113839999927e-02 9.535901926440000231e-01 2.451838879159999943e-02
9.632224168130000541e-02 1.059544658490000069e-01 4.816112084060000104e-02 7.495621716289999625e-01
1.488616462350000023e-02 2.014010507879999967e-02 9.457092819610000145e-01 1.926444833630000172e-02
2.889667250439999918e-02 9.168126094570000495e-01 2.889667250439999918e-02 2.539404553420000071e-02
2.127845884410000110e-01 2.399299474609999927e-01 2.276707530650000089e-01 3.196147110329999874e-01
3.301225919440000101e-01 2.320490367780000118e-01 1.602451838879999924e-01 2.775831873910000192e-01
2.985989492119999755e-01 2.189141856390000029e-01 2.626970227670000213e-01 2.197898423820000002e-01
2.031523642730000134e-01 2.478108581440000013e-01 3.099824868650000176e-01 2.390542907179999954e-01
2.355516637479999897e-01 1.952714535900000048e-01 3.345008756569999853e-01 2.346760070049999924e-01
3.274956217159999960e-01 1.593695271449999951e-01 2.302977232919999895e-01 2.828371278460000138e-01
1.348511383540000053e-01 2.889667250440000057e-01 3.380035026270000187e-01 2.381786339749999981e-01
