2.290786136940000106e-01 1.301775147929999932e-01 2.924767540150000067e-01 3.482671174979999895e-01
1.369399830939999896e-01 5.511411665259999815e-01 1.428571428569999913e-01 1.690617075230000099e-01
2.451394759090000097e-01 3.136094674559999906e-01 2.755705832629999907e-01 1.656804733729999868e-01
1.944209636520000117e-01 1.394759087069999959e-01 3.846153846150000000e-01 2.814877430259999924e-01
2.333051563820000007e-01 2.907861369399999951e-01 1.825866441250000027e-01 2.933220625529999737e-01
2.654268808110000211e-01 2.713440405750000006e-01 2.037193575659999867e-01 2.595097210480000194e-01
3.854606931530000224e-01 1.944209636520000117e-01 1.656804733729999868e-01 2.544378698220000068e-01
1.944209636520000117e-01 1.394759087069999959e-01 3.381234150460000198e-01 3.279797125949999725e-01
1.775147928990000040e-02 3.465765004230000196e-02 9.087066779369999958e-01 3.888419273029999901e-02
6.170752324599999838e-02 8.672865595940000283e-01 2.958579881659999938e-02 4.142011834320000196e-02
8.765849535080000310e-01 3.803888419269999682e-02 2.620456466610000118e-02 5.917159763310000237e-02
3.465765004230000196e-02 9.070160608620000398e-01 2.789518174129999861e-02 3.043110735420000157e-02
4.733727810649999979e-02 2.028740490279999989e-02 8.520710059170000239e-01 8.030431107350000097e-02
4.311073541839999940e-02 1.775147928990000040e-02 3.465765004230000196e-02 9.044801352489999502e-01
2.028740490279999989e-02 1.775147928990000040e-02 9.230769230769999556e-01 3.888419273029999901e-02
2.366863905330000156e-02 7.886728655960000278e-01 5.156382079460000017e-02 1.360946745559999949e-01
