7.730263157889999404e-02 2.590460526319999790e-01 6.307565789469999906e-01 3.289473684210000165e-02
9.046052631579999670e-02 2.722039473680000210e-01 2.853618421049999854e-01 3.519736842110000041e-01
1.496710526320000068e-01 1.143092105260000019e-01 6.932565789469999906e-01 4.276315789469999767e-02
3.618421052629999801e-02 1.151315789470000045e-01 8.182565789469999906e-01 3.042763157890000097e-02
6.743421052629999801e-02 7.508223684210000304e-01 1.743421052630000079e-01 7.401315789470000114e-03
9.046052631580000503e-01 6.003289473679999932e-02 1.562500000000000000e-02 1.973684210529999886e-02
4.029605263160000034e-02 9.062500000000000000e-01 3.207236842109999903e-02 2.138157894740000051e-02
9.868421052629999801e-03 1.348684210530000094e-01 8.092105263159999895e-01 4.605263157890000097e-02
5.838815789469999767e-02 1.282894736840000105e-01 6.496710526320000068e-02 7.483552631580000503e-01
1.504934210530000094e-01 2.812500000000000000e-01 3.305921052629999801e-01 2.376644736840000105e-01
4.375000000000000000e-01 2.113486842110000041e-01 9.375000000000000000e-02 2.574013157889999959e-01
3.840460526319999790e-01 7.319078947370000199e-02 3.059210526319999790e-01 2.368421052630000079e-01
3.166118421049999854e-01 3.626644736840000105e-01 1.595394736840000105e-01 1.611842105259999880e-01
2.557565789469999906e-01 2.458881578949999869e-01 1.184210526320000068e-01 3.799342105260000158e-01
2.771381578950000146e-01 6.373355263159999895e-01 5.921052631579999670e-02 2.631578947369999852e-02
1.365131578949999869e-01 2.796052631579999947e-01 1.019736842110000041e-01 4.819078947370000199e-01
