6.301824212270000503e-02 7.213930348260000347e-02 1.086235489220000044e-01 7.562189054729999693e-01
8.374792703149999684e-02 2.487562189050000067e-02 6.550580431180000329e-02 8.258706467659999717e-01
3.706467661689999971e-01 2.247097844110000076e-01 1.252072968490000049e-01 2.794361525699999849e-01
5.074626865669999987e-01 1.691542288560000107e-01 1.260364842449999967e-01 1.973466003319999940e-01
5.804311774459999795e-02 5.970149253729999800e-02 2.951907131009999796e-01 5.870646766170000141e-01
8.872305140960000391e-02 3.067993366499999902e-02 6.384742951909999631e-02 8.167495854059999560e-01
6.384742951909999631e-02 5.389718076290000298e-02 6.475953565509999788e-01 2.346600331669999873e-01
1.691542288560000107e-01 5.754560530679999619e-01 4.228855721389999933e-02 2.131011608620000108e-01
2.321724709780000062e-02 7.777777777779999457e-01 1.152570480929999974e-01 8.374792703149999684e-02
4.311774461029999755e-02 7.089552238809999629e-01 4.726368159199999947e-02 2.006633499169999946e-01
1.127694859040000025e-01 7.711442786069999666e-02 6.625207296849999761e-01 1.475953565510000065e-01
3.233830845769999907e-02 3.067993366499999902e-02 6.426202321720000388e-01 2.943615257050000156e-01
2.827529021560000189e-01 3.963515754560000270e-01 1.882255389720000061e-01 1.326699834160000036e-01
3.648424543949999738e-02 7.039800995020000229e-01 1.832504145939999884e-01 7.628524046430000538e-02
3.084577114429999933e-01 1.500829187399999876e-01 2.636815920400000235e-01 2.777777777780000013e-01
3.018242122720000142e-01 5.389718076290000298e-02 2.653399668330000058e-02 6.177446102820000062e-01
