9.437086092719999819e-02 1.556291390729999946e-01 4.470198675499999913e-02 7.052980132449999662e-01
1.134105960259999962e-01 1.291390728479999972e-01 6.788079470199999410e-02 6.895695364239999847e-01
5.132450331129999599e-01 1.324503311259999927e-01 1.597682119209999918e-01 1.945364238410000057e-01
1.895695364240000125e-01 1.730132450330000016e-01 5.587748344370000453e-01 7.864238410599999618e-02
5.711920529799999896e-02 1.415562913910000109e-01 5.190397350990000325e-01 2.822847682119999924e-01
3.807947019869999811e-02 3.062913907279999834e-02 1.299668874169999933e-01 8.013245033110000248e-01
1.291390728479999972e-01 7.781456953639999397e-02 7.293046357619999975e-01 6.374172185430000692e-02
1.092715231790000047e-01 7.201986754969999516e-02 1.481788079470000019e-01 6.705298013249999523e-01
6.250000000000000000e-01 5.711920529799999896e-02 1.365894039739999899e-01 1.812913907279999903e-01
2.086092715229999894e-01 7.698675496689999509e-02 2.682119205299999809e-01 4.461920529799999757e-01
2.152317880790000082e-02 2.731788079469999950e-02 8.824503311260000205e-01 6.870860927150000685e-02
8.841059602649999905e-01 2.483443708609999953e-02 2.980132450329999946e-02 6.125827814570000002e-02
9.602649006619999594e-02 1.663907284770000106e-01 6.473509933769999725e-01 9.023178807949999714e-02
5.215231788079999903e-02 4.139072847679999834e-01 5.049668874169999794e-02 4.834437086089999891e-01
2.301324503309999936e-01 1.225165562910000006e-01 1.134105960259999962e-01 5.339403973509999624e-01
2.077814569539999934e-01 1.622516556290000134e-01 4.064569536420000184e-01 2.235099337750000026e-01
