5.130293159609999876e-01 2.988599348529999977e-01 1.180781758960000039e-01 7.003257328989999364e-02
4.885993485339999894e-03 7.328990228010000274e-03 7.622149837130000050e-01 2.255700325730000122e-01
3.501628664499999849e-02 1.644951140070000095e-01 3.355048859929999905e-01 4.649837133549999946e-01
5.195439739410000479e-01 2.605863192179999968e-02 2.377850162869999950e-01 2.166123778500000097e-01
6.270358306190000619e-02 6.758957654720000596e-02 6.669381107490000016e-01 2.027687296419999896e-01
9.096091205209999586e-01 5.456026058630000092e-02 8.143322475570000411e-04 3.501628664499999849e-02
3.778501628659999834e-01 1.368078175899999915e-01 1.986970684040000046e-01 2.866449511399999928e-01
2.442996742669999860e-02 3.045602605859999978e-01 6.840390879480000297e-02 6.026058631920000463e-01
9.039087947879999307e-02 2.223127035830000098e-01 4.055374592830000013e-01 2.817589576549999753e-01
1.750814332249999994e-01 4.519543973940000070e-01 1.889250814329999917e-01 1.840390879480000019e-01
1.539087947879999863e-01 5.944625407169999987e-01 5.618892508139999853e-02 1.954397394140000022e-01
4.234527687299999982e-02 4.633550488600000072e-01 3.925081433220000138e-01 1.017915309450000000e-01
2.003257328989999919e-01 9.283387622149999463e-02 4.478827361559999803e-02 6.620521172640000396e-01
1.058631921820000002e-02 4.885993485339999894e-03 8.224755700329999808e-02 9.022801302930000267e-01
1.131921824099999946e-01 4.364820846910000274e-01 4.885993485339999720e-02 4.014657980460000219e-01
7.328990228010000274e-03 1.897394136810000020e-01 1.042345276870000059e-01 6.986970684040000323e-01
