4.173290937999999950e-01 7.392686804449999372e-02 1.836248012720000100e-01 3.251192368840000180e-01
7.845786963430000371e-01 6.518282988870000016e-02 6.677265500790000030e-02 8.346581875990000121e-02
4.769475357709999919e-02 3.259141494440000175e-02 7.321144674089999915e-01 1.875993640699999965e-01
2.305246422890000133e-02 5.643879173289999968e-02 8.593004769480000471e-01 6.120826709060000342e-02
5.508744038159999468e-01 3.275039745630000110e-01 3.497615262320000196e-02 8.664546899840000482e-02
3.855325914150000144e-01 1.756756756760000093e-01 2.909379968199999889e-01 1.478537360889999874e-01
1.852146263910000035e-01 1.756756756760000093e-01 5.087440381560000280e-02 5.882352941180000183e-01
1.701112877579999960e-01 3.259141494440000175e-02 1.136724960249999999e-01 6.836248012719999823e-01
2.837837837839999877e-01 2.329093799680000132e-01 4.252782193960000234e-01 5.802861685209999981e-02
4.515103338629999907e-01 8.346581875990000121e-02 1.756756756760000093e-01 2.893481717010000231e-01
4.372019077900000106e-01 4.538950715419999837e-01 3.418124006360000189e-02 7.472178060409999378e-02
1.057233704289999993e-01 7.186009538950000053e-01 7.233704292529999358e-02 1.033386327500000063e-01
3.505564387919999914e-01 4.554848966610000049e-01 1.168521462640000064e-01 7.710651828299999733e-02
4.872813990459999856e-01 3.823529411759999941e-01 5.405405405409999947e-02 7.631160572339999726e-02
3.815580286169999863e-02 1.979332273449999902e-01 7.281399046099999994e-01 3.577106518280000202e-02
1.096979332269999996e-01 7.607313195549999518e-01 6.041335453100000336e-02 6.915739268680000384e-02
