2.681159420290000206e-01 2.463768115939999892e-01 2.635869565219999822e-01 2.219202898550000080e-01
2.309782608700000073e-01 2.916666666669999741e-01 2.355072463769999902e-01 2.418478260870000063e-01
2.653985507250000153e-01 1.585144927540000082e-01 4.954710144930000171e-01 8.061594202900000672e-02
6.340579710139999658e-01 6.068840579709999794e-02 2.880434782610000188e-01 1.721014492750000055e-02
8.152173913039999914e-03 6.340579710139999589e-03 9.347826086960000502e-01 5.072463768120000216e-02
3.804347826090000162e-02 2.355072463769999902e-02 7.300724637679999462e-01 2.083333333329999981e-01
4.528985507250000292e-02 1.240942028990000001e-01 1.394927536230000098e-01 6.911231884059999553e-01
1.086956521740000021e-02 8.215579710139999658e-01 2.173913043480000043e-02 1.458333333329999981e-01
6.331521739130000492e-01 5.887681159420000282e-02 2.862318840579999857e-01 2.173913043480000043e-02
1.775362318840000009e-01 1.259057971009999999e-01 7.699275362320000260e-02 6.195652173910000116e-01
1.086956521740000021e-02 6.974637681159999436e-02 1.539855072460000023e-02 9.039855072460000196e-01
1.177536231880000062e-01 7.427536231879999784e-02 7.635869565220000377e-01 4.438405797100000022e-02
8.215579710139999658e-01 8.876811594200000044e-02 5.978260869569999858e-02 2.989130434780000109e-02
1.358695652169999990e-01 8.097826086960000502e-01 7.246376811589999752e-03 4.710144927539999804e-02
8.514492753619999632e-02 8.650362318840000286e-01 8.152173913039999914e-03 4.166666666669999880e-02
1.721014492750000055e-02 4.012681159420000143e-01 2.989130434780000109e-02 5.516304347830000010e-01
