7.455138662319999998e-01 2.120717781400000002e-02 1.256117455140000061e-01 1.076672104399999941e-01
6.329526916800000125e-01 2.773246329530000276e-01 4.486133768350000078e-02 4.486133768350000078e-02
1.639477977159999877e-01 1.125611745509999956e-01 6.508972267539999690e-01 7.259380097879999938e-02
3.507340946169999751e-02 4.486133768350000078e-02 7.667210440460000553e-01 1.533442088089999877e-01
5.872756933119999828e-02 5.872756933119999828e-02 5.440456769979999940e-01 3.384991843390000033e-01
7.340946166389999972e-02 5.138662316480000491e-01 2.324632952690000032e-01 1.802610114190000001e-01
1.378466557910000001e-01 4.893964110929999861e-02 5.709624796079999787e-02 7.561174551389999721e-01
7.977161500820000306e-01 1.011419249589999986e-01 5.464926590540000045e-02 4.649265905379999786e-02
3.376835236540000063e-01 3.833605220230000277e-01 2.389885807500000126e-01 3.996737357260000262e-02
1.623164763459999937e-01 5.464926590540000045e-02 6.500815660690000275e-01 1.329526916800000125e-01
1.321370309949999877e-01 4.877650897229999782e-01 3.001631321370000216e-01 7.993474714520000524e-02
2.577487765090000216e-01 5.326264274059999693e-01 8.727569331159999722e-02 1.223491027729999986e-01
3.670473083200000153e-02 3.507340946169999751e-02 6.525285481239999630e-01 2.756933115820000002e-01
4.241435562810000337e-02 2.691680261009999839e-02 1.851549755299999878e-01 7.455138662319999998e-01
8.401305057100000306e-02 5.464926590540000045e-02 1.639477977159999877e-01 6.973898858079999874e-01
3.719412724310000029e-01 2.316476345840000062e-01 1.060358890700000001e-01 2.903752039149999908e-01
