2.627526467760000206e-01 2.733397497589999947e-01 2.666025024059999748e-01 1.973051010590000098e-01
4.138594802690000185e-02 2.213666987490000085e-02 1.924927815210000087e-02 9.172281039459999619e-01
2.155919153030000091e-01 5.928777670839999736e-01 1.539942252170000137e-01 3.753609239649999957e-02
5.341674687199999827e-01 5.004812319540000165e-02 3.792107795960000249e-01 3.657362848890000073e-02
1.154956689119999991e-02 9.499518768050000395e-01 1.828681424449999857e-02 2.021174205969999971e-02
8.238691049090000051e-01 6.063522617900000272e-02 7.795957651590000592e-02 3.753609239649999957e-02
3.657362848890000073e-02 8.277189605389999594e-01 2.983638113569999847e-02 1.058710298359999968e-01
2.194417709339999967e-01 4.629451395570000072e-01 1.280076997110000114e-01 1.896053897980000125e-01
1.828681424449999926e-01 1.116458132820000032e-01 8.180943214630000127e-02 6.236766121269999852e-01
6.862367661210000414e-01 2.213666987490000085e-02 9.720885466789999652e-02 1.944177093359999997e-01
1.231953801729999964e-01 2.175168431179999862e-01 4.302213666990000185e-01 2.290664100099999989e-01
1.395572666029999964e-01 6.352261790179999923e-02 7.295476419630000375e-01 6.737247353219999457e-02
1.347449470639999931e-02 8.084696823869999549e-02 4.812319538019999704e-02 8.575553416750000268e-01
2.791145332050000080e-02 3.176130895089999961e-02 9.278152069299999694e-01 1.251203079880000048e-02
