2.462809917359999878e-01 3.033057851240000269e-01 2.024793388430000118e-01 2.479338842980000068e-01
3.148760330579999933e-01 2.024793388430000118e-01 2.280991735540000009e-01 2.545454545449999939e-01
2.000000000000000111e-01 2.041322314050000031e-01 3.710743801649999951e-01 2.247933884299999907e-01
2.752066115699999815e-01 1.479338842980000013e-01 3.495867768600000036e-01 2.272727272729999914e-01
3.719008264459999769e-02 3.479338842979999846e-01 5.876033057849999741e-01 2.727272727270000155e-02
1.570247933880000030e-02 4.049586776860000098e-02 8.933884297519999462e-01 5.041322314050000059e-02
4.132231404959999660e-02 8.842975206609999805e-01 4.876033057850000241e-02 2.561983471069999990e-02
2.148760330580000086e-02 1.900826446280000012e-02 9.413223140499999975e-01 1.818181818180000103e-02
7.438016528930000044e-03 1.198347107439999976e-01 8.462809917360000211e-01 2.644628099169999899e-02
1.487603305789999934e-02 3.057851239670000137e-02 9.256198347109999558e-01 2.892561983469999973e-02
9.264462809919999930e-01 3.636363636360000207e-02 2.644628099169999899e-02 1.074380165290000043e-02
5.892561983470000486e-01 1.983471074379999921e-02 3.570247933879999724e-01 3.388429752069999773e-02
4.330578512400000135e-01 1.355371900829999976e-01 3.966942148759999842e-01 3.471074380170000029e-02
2.917355371900000049e-01 1.768595041319999950e-01 4.049586776860000237e-01 1.264462809920000042e-01
