3.250000000000000111e-01 1.730769230770000111e-01 3.701923076920000111e-01 1.317307692309999945e-01
5.923076923079999556e-01 8.942307692310000333e-02 2.903846153849999889e-01 2.788461538459999917e-02
2.596153846150000069e-02 9.615384615379999819e-03 9.019230769230000000e-01 6.250000000000000000e-02
5.480769230770000250e-02 2.884615384619999834e-02 6.288461538459999556e-01 2.874999999999999778e-01
6.730769230770000666e-02 6.250000000000000000e-02 1.163461538460000000e-01 7.538461538459999556e-01
7.692307692309999917e-03 8.442307692310000444e-01 3.557692307689999667e-02 1.125000000000000028e-01
6.980769230769999778e-01 4.326923076920000111e-02 2.423076923080000056e-01 1.634615384620000111e-02
1.586538461539999945e-01 5.961538461540000222e-02 8.749999999999999445e-02 6.942307692310000222e-01
1.538461538460000021e-02 8.269230769230000166e-02 3.365384615380000166e-02 8.682692307689999778e-01
9.711538461539999390e-02 1.038461538460000028e-01 7.846153846150000222e-01 1.442307692309999917e-02
7.971153846149999778e-01 1.557692307690000111e-01 1.826923076919999972e-02 2.884615384619999834e-02
1.096153846150000055e-01 8.163461538459999556e-01 9.615384615379999819e-03 6.442307692309999501e-02
7.692307692310000611e-02 8.528846153850000444e-01 1.153846153849999966e-02 5.865384615380000305e-02
6.730769230769999625e-03 4.538461538460000222e-01 4.230769230769999834e-02 4.971153846149999889e-01
