3.930589184830000082e-01 8.555286521390000065e-02 6.295399515739999452e-02 4.584342211460000205e-01
4.035512510090000227e-02 1.533494753829999988e-02 2.905569007260000100e-02 9.152542372880000388e-01
5.004035512510000144e-02 7.239709443099999753e-01 1.186440677969999996e-01 1.073446327680000062e-01
7.070217917679999520e-01 1.856335754640000071e-02 2.227602905570000014e-01 5.165456012909999672e-02
1.202582728010000018e-01 5.891848264729999951e-02 7.925746569810000475e-01 2.824858757059999989e-02
2.025827280059999957e-01 5.730427764329999729e-02 6.392251815980000140e-01 1.008878127519999973e-01
9.685230024209999511e-02 3.849878934620000193e-01 8.151735270380000564e-02 4.366424535919999905e-01
1.138014527850000068e-01 1.775625504439999960e-02 4.915254237289999883e-01 3.769168684420000082e-01
2.179176755450000155e-02 6.376109765939999563e-02 8.660209846649999932e-01 4.842615012109999922e-02
2.986279257469999851e-02 3.793381759480000254e-02 6.424535916060000185e-01 2.897497982239999881e-01
5.770782889429999507e-01 4.923325262310000033e-02 1.807909604519999935e-01 1.928974979820000102e-01
4.358353510899999894e-01 1.291364003230000002e-02 5.213882163030000294e-01 2.986279257469999851e-02
4.495560936240000083e-01 8.474576271189999954e-02 3.793381759480000115e-01 8.635996771590000176e-02
9.765940274409999622e-02 1.711057304280000080e-01 6.263115415659999963e-01 1.049233252620000029e-01
