8.702479338840000134e-01 4.628099173550000167e-02 1.074380165290000043e-02 7.272727272729999359e-02
4.644628099170000080e-01 3.685950413219999944e-01 5.950413223139999763e-02 1.074380165289999939e-01
7.471074380169999696e-01 2.123966942149999870e-01 2.148760330580000086e-02 1.900826446280000012e-02
3.975206611570000215e-01 7.768595041320000560e-02 4.685950413220000277e-01 5.619834710740000128e-02
3.264462809920000153e-01 6.446280991739999910e-02 3.628099173550000112e-01 2.462809917359999878e-01
3.305785123970000211e-02 6.917355371900000272e-01 1.247933884299999990e-01 1.504132231399999964e-01
8.785123966940000528e-01 5.454545454549999950e-02 1.404958677690000025e-02 5.289256198350000132e-02
6.528925619830000526e-02 4.404958677690000157e-01 2.876033057849999852e-01 2.066115702480000038e-01
1.809917355369999870e-01 1.561983471070000073e-01 6.057851239670000165e-01 5.702479338839999690e-02
5.289256198350000132e-02 4.462809917359999989e-02 3.884297520660000280e-02 8.636363636360000484e-01
8.595041322310000009e-02 7.933884297519999684e-02 7.793388429750000013e-01 5.537190082639999872e-02
1.107438016530000041e-01 1.504132231399999964e-01 5.115702479339999664e-01 2.272727272729999914e-01
2.975206611569999882e-02 3.619834710739999739e-01 5.785123966939999945e-02 5.504132231399999631e-01
7.438016528929999871e-02 7.537190082639999567e-01 6.033057851240000019e-02 1.115702479339999997e-01
