8.485856905159999686e-02 4.841930116470000156e-01 1.880199667219999982e-01 2.429284525790000038e-01
8.901830282860000165e-02 6.414309484189999466e-01 1.206322795340000059e-01 1.489184692180000047e-01
1.522462562399999886e-01 1.530782029949999956e-01 2.595673876869999952e-01 4.351081530779999929e-01
4.326123128120000216e-01 2.445923460899999957e-01 2.013311148090000113e-01 1.214642262900000047e-01
1.772046589019999896e-01 2.653910149750000058e-01 1.747088186359999906e-01 3.826955074880000196e-01
8.660565723790000225e-01 4.159733777039999886e-02 7.071547420969999387e-02 2.163061564059999900e-02
4.966722129780000161e-01 1.697171381029999870e-01 2.970049916809999746e-01 3.660565723789999809e-02
5.990016638940000304e-02 8.236272878539999676e-01 5.241264559069999662e-02 6.405990016639999396e-02
7.537437603990000401e-01 4.658901830280000322e-02 2.246256239599999857e-02 1.772046589019999896e-01
6.680532445919999951e-01 7.237936772050000689e-02 1.339434276210000052e-01 1.256239600669999956e-01
5.823627287850000056e-02 7.221297836940000492e-01 1.014975041600000016e-01 1.181364392679999931e-01
4.742096505820000280e-02 2.579034941760000033e-02 8.153078202999999857e-02 8.452579034939999847e-01
3.410981697169999938e-02 5.158069883529999705e-02 8.735440931779999696e-01 4.076539101499999929e-02
1.996672212979999986e-02 2.246256239599999857e-02 2.911813643929999848e-02 9.284525790350000030e-01
