2.305721605469999991e-01 2.792485055510000036e-01 2.211784799319999884e-01 2.690008539709999869e-01
6.831767719899999730e-03 5.977796754909999594e-03 9.735269000849999799e-01 1.366353543979999946e-02
1.878736122970000103e-02 8.650725875320000036e-01 1.537147736979999936e-02 1.007685738680000054e-01
8.462852263019999821e-01 5.123825789920000151e-02 3.159692570449999793e-02 7.087959009390000509e-02
1.451750640480000028e-02 9.487617421009999497e-01 1.451750640480000028e-02 2.220324508970000082e-02
1.024765157980000035e-01 1.878736122970000103e-02 8.488471391969999447e-01 2.988898377459999964e-02
4.867634500430000066e-02 1.571306575579999865e-01 1.152860802729999967e-01 6.789069171649999568e-01
5.892399658409999685e-02 5.123825789920000151e-02 8.565328778820000544e-01 3.330486763450000304e-02
5.977796754910000288e-02 7.993168232280000174e-01 9.393680614859999459e-03 1.315115286080000001e-01
2.963279248510000130e-01 1.212638770279999972e-01 2.587532023910000256e-01 3.236549957300000058e-01
2.809564474810000156e-01 3.988044406490000027e-01 1.024765157980000035e-01 2.177625960719999920e-01
1.041844577280000017e-01 2.399658411610000042e-01 8.881298035869999996e-02 5.670367207509999785e-01
4.175918018790000241e-01 2.946199829210000010e-01 1.904355251919999936e-01 9.735269000849999799e-02
2.929120409909999889e-01 2.305721605469999991e-01 2.527754056359999835e-01 2.237403928270000064e-01
