4.380165289259999734e-02 8.099173553720000196e-02 4.735537190079999736e-01 4.016528925619999857e-01
5.123966942150000314e-02 7.884297520659999670e-01 1.198347107439999976e-01 4.049586776860000098e-02
7.438016528930000426e-01 3.884297520660000280e-02 1.628099173550000001e-01 5.454545454549999950e-02
1.727272727270000030e-01 6.198347107439999837e-01 1.090909090909999990e-01 9.834710743800000043e-02
2.561983471069999990e-02 5.702479338839999690e-02 9.057851239669999499e-01 1.157024793389999952e-02
5.371900826449999694e-02 5.123966942150000314e-02 3.305785123970000211e-02 8.619834710739999739e-01
1.396694214879999896e-01 8.099173553720000196e-02 7.123966942149999593e-01 6.694214876029999650e-02
4.768595041320000116e-01 1.719008264459999935e-01 6.528925619830000526e-02 2.859504132230000217e-01
8.181818181819999758e-02 7.041322314050000308e-01 6.198347107439999837e-02 1.520661157019999876e-01
5.371900826449999694e-02 5.487603305789999775e-01 1.528925619829999971e-01 2.446280991739999966e-01
1.719008264459999935e-01 1.859504132229999884e-01 9.669421487599999532e-02 5.454545454550000505e-01
2.148760330579999878e-01 1.859504132229999884e-01 5.099173553720000029e-01 8.925619834709999645e-02
8.157024793389999751e-01 8.760330578510000521e-02 4.958677685949999803e-02 4.710743801649999729e-02
1.057851239670000026e-01 1.355371900829999976e-01 6.727272727269999475e-01 8.595041322310000009e-02
