2.191901408449999922e-01 1.320422535209999915e-01 5.088028169010000434e-01 1.399647887319999950e-01
3.934859154929999936e-01 2.385563380279999979e-01 3.389084507039999972e-01 2.904929577460000148e-02
1.232394366200000035e-02 1.408450704229999989e-02 9.128521126759999715e-01 6.073943661970000046e-02
2.288732394370000117e-02 4.929577464789999808e-02 6.338028169010000434e-01 2.940140845070000064e-01
3.345070422540000199e-02 6.161971830989999843e-02 5.017605633799999965e-02 8.547535211269999822e-01
2.816901408449999991e-02 8.265845070420000384e-01 4.489436619719999744e-02 1.003521126759999993e-01
6.073943661970000463e-01 8.010563380280000256e-02 2.790492957749999836e-01 3.345070422540000199e-02
4.154929577459999801e-01 1.126760563379999996e-01 1.047535211269999961e-01 3.670774647889999964e-01
5.809859154929999936e-02 1.989436619720000021e-01 1.091549295770000011e-01 6.338028169010000434e-01
1.760563380279999909e-02 2.992957746479999945e-02 9.410211267610000263e-01 1.144366197180000065e-02
7.878521126759999715e-01 1.205985915490000032e-01 3.961267605629999883e-02 5.193661971829999918e-02
3.204225352110000036e-01 5.924295774650000235e-01 1.936619718309999863e-02 6.778169014080000221e-02
6.866197183099999324e-02 8.609154929579999616e-01 1.760563380279999909e-02 5.281690140849999715e-02
4.401408450699999773e-03 3.336267605630000022e-01 1.848591549300000053e-02 6.434859154930000491e-01
