4.370967741940000040e-01 1.927419354840000099e-01 3.395161290320000136e-01 3.064516129029999994e-02
5.725806451610000042e-02 3.387096774190000159e-02 6.733870967739999935e-01 2.354838709679999975e-01
1.677419354839999877e-01 3.967741935479999760e-01 3.717741935480000093e-01 6.370967741939999318e-02
4.838709677420000368e-03 1.129032258060000057e-02 1.774193548390000028e-02 9.661290322579999534e-01
8.927419354840000487e-01 2.016129032260000065e-02 5.967741935479999732e-02 2.741935483869999829e-02
6.362903225810000452e-01 4.112903225810000257e-02 1.451612903230000036e-02 3.080645161289999878e-01
1.612903225810000118e-02 6.774193548390000652e-02 6.451612903230000140e-02 8.516129032260000287e-01
4.435483870970000075e-02 9.161290322580000201e-01 4.032258064519999956e-03 3.548387096769999721e-02
7.338709677419999466e-02 8.080645161289999878e-01 2.822580645159999957e-02 9.032258064520000407e-02
1.725806451609999959e-01 4.822580645160000068e-01 8.387096774190000437e-02 2.612903225809999896e-01
1.000000000000000056e-01 6.532258064519999574e-02 2.008064516130000088e-01 6.338709677420000244e-01
2.500000000000000000e-01 1.798387096769999971e-01 3.725806451609999792e-01 1.975806451609999903e-01
3.419354838709999789e-01 3.024193548390000097e-01 1.354838709679999920e-01 2.201612903229999973e-01
2.967741935479999982e-01 3.290322580650000273e-01 1.612903225810000118e-01 2.129032258059999905e-01
