2.143514259429999957e-01 2.989880404779999834e-01 2.713891444339999737e-01 2.152713891440000138e-01
2.612695492179999968e-01 2.934682612699999749e-01 2.226310947559999864e-01 2.226310947559999864e-01
2.704691812330000111e-01 2.585096596140000202e-01 2.529898804049999783e-01 2.180312787489999959e-01
2.318307267710000008e-01 2.750689972400000016e-01 2.327506899719999911e-01 2.603495860169999787e-01
7.884084636610000363e-01 1.563937442500000150e-02 1.701931922719999990e-01 2.575896964119999896e-02
8.794848206069999508e-01 4.231830726770000051e-02 5.703771849130000182e-02 2.115915363389999845e-02
2.299908003679999868e-02 9.659613615459999858e-01 3.679852805890000082e-03 7.359705611780000163e-03
9.622815087399999578e-01 1.011959521619999920e-02 2.207911683529999863e-02 5.519779208829999999e-03
3.348666053359999895e-01 5.887764489419999858e-02 5.915363385459999623e-01 1.471941122359999958e-02
2.759889604419999906e-02 7.212511499539999704e-01 1.021159153630000066e-01 1.490340386379999937e-01
5.703771849130000182e-02 1.471941122359999958e-02 3.679852805890000082e-03 9.245630174790000488e-01
6.439742410299999741e-03 2.207911683529999863e-02 9.494020239189999710e-01 2.207911683529999863e-02
1.655933762650000154e-02 8.647654093840000111e-02 4.599816007360000257e-03 8.923643054280000486e-01
3.679852805890000082e-03 2.953081876720000110e-01 9.199632014720000514e-03 6.918123275069999467e-01
