6.639004149380000122e-03 5.975103734440000147e-02 9.319502074690000359e-01 1.659751037339999907e-03
2.074688796679999975e-02 8.738589211620000352e-01 6.721991701240000172e-02 3.817427385890000135e-02
9.560165975100000102e-01 1.078838174270000012e-02 2.074688796679999975e-02 1.244813278010000086e-02
5.145228215770000085e-02 8.962655601660000082e-01 2.987551867220000074e-02 2.240663900410000062e-02
5.809128630710000060e-03 9.958506224069999316e-03 9.784232365149999611e-01 5.809128630710000060e-03
2.821576763489999987e-02 5.809128630710000060e-03 1.742738589210000161e-02 9.485477178419999822e-01
4.066390041489999913e-02 1.161825726140000049e-02 9.236514522819999629e-01 2.406639004150000136e-02
1.410788381740000000e-02 8.207468879670000161e-01 1.161825726140000049e-02 1.535269709540000027e-01
2.207468879670000106e-01 2.605809128630000027e-01 3.053941908710000042e-01 2.132780082990000103e-01
2.240663900410000131e-01 2.829875518669999757e-01 2.116182572610000034e-01 2.813278008299999744e-01
2.232365145230000014e-01 3.842323651449999766e-01 1.452282157679999908e-01 2.473029045640000034e-01
1.742738589210000022e-01 3.535269709539999861e-01 2.248962655600000027e-01 2.473029045640000034e-01
2.257261410789999923e-01 2.721991701240000228e-01 2.174273858920000024e-01 2.846473029050000103e-01
1.253112033200000086e-01 3.800829875519999845e-01 3.178423236510000138e-01 1.767634854769999930e-01
