6.640826873389999996e-01 1.403962101640000015e-01 1.757105943149999960e-01 1.981050818259999860e-02
7.519379844960000225e-01 4.220499569339999923e-02 7.838070628769999715e-02 1.274763135230000122e-01
2.497846683889999933e-02 9.242032730400000506e-01 1.808785529720000063e-02 3.273040482339999863e-02
9.354005167960000033e-01 1.033591731269999960e-02 4.220499569339999923e-02 1.205857019809999930e-02
4.677002583980000017e-01 7.665805340219999930e-02 3.987941429799999882e-01 5.684754521959999723e-02
1.093884582260000043e-01 7.700258397929999887e-01 5.081826012059999925e-02 6.976744186050000407e-02
5.167958656330000344e-02 5.167958656330000171e-03 6.029285099049999652e-03 9.371231696809999567e-01
1.550387596900000033e-02 2.153316106800000004e-02 9.491817398790000082e-01 1.378122308350000075e-02
1.636520241169999931e-02 1.421188630490000104e-01 5.081826012059999925e-02 7.906976744189999629e-01
1.550387596900000033e-02 1.662360034450000024e-01 1.291989664080000003e-02 8.053402239450000444e-01
9.130060292849999370e-02 1.559000861329999932e-01 2.024117140399999959e-01 5.503875968989999645e-01
1.886304909560000131e-01 3.006029285099999782e-01 1.817398794139999940e-01 3.290267011199999869e-01
2.161929371230000008e-01 2.954349698539999736e-01 3.341946597759999915e-01 1.541774332470000064e-01
2.428940568480000006e-01 2.049956933679999982e-01 2.273901808790000090e-01 3.247200689060000256e-01
