3.670348343250000034e-01 1.597281223450000009e-01 1.809685641459999883e-01 2.922684791840000074e-01
2.523364485979999738e-01 2.667799490230000070e-01 2.905692438399999911e-01 1.903143585390000003e-01
2.846219201360000173e-01 1.461342395920000037e-01 3.440951571790000219e-01 2.251486830930000127e-01
5.352591333900000303e-02 2.982158028890000145e-01 6.244689889550000261e-01 2.378929481730000101e-02
6.796941376380000004e-03 2.888700084960000095e-02 9.490229396770000214e-01 1.529311809689999982e-02
4.587935429059999959e-02 8.810535259130000130e-01 5.182667799489999727e-02 2.124044180120000097e-02
3.738317757009999853e-02 2.973661852169999856e-02 9.039932030589999945e-01 2.888700084960000095e-02
1.274426508069999991e-02 1.614273576889999895e-01 7.952421410369999721e-01 3.058623619369999977e-02
1.189464740870000044e-02 2.973661852169999856e-02 9.294817332200000504e-01 2.888700084960000095e-02
9.311809685640000112e-01 2.548853016139999983e-02 2.293967714529999979e-02 2.039082412909999989e-02
5.819881053530000514e-01 1.104502973659999936e-02 3.840271877659999777e-01 2.293967714529999979e-02
4.647408666100000252e-01 2.064570943079999943e-01 2.837723024639999814e-01 4.502973661850000198e-02
2.115548003399999877e-01 1.758708581139999949e-01 4.519966015290000083e-01 1.605777400170000091e-01
1.996601529310000067e-01 1.758708581139999949e-01 2.735768903990000167e-01 3.508920985560000094e-01
