3.912310286680000249e-01 2.166947723440000029e-01 3.541315345700000172e-01 3.794266441820000335e-02
2.183811129849999866e-01 1.273187183810000067e-01 3.288364249579999732e-01 3.254637436760000058e-01
2.141652613829999885e-01 4.510961214170000066e-01 4.047217537939999665e-02 2.942664418209999799e-01
2.419898819559999914e-01 1.829679595279999904e-01 2.967959527819999943e-01 2.782462057339999961e-01
4.317032040470000220e-01 1.593591905560000077e-01 1.399662731870000010e-01 2.689713322089999914e-01
2.630691399660000096e-01 2.765598650930000124e-01 4.047217537939999943e-01 5.564924114670000144e-02
2.192242833049999964e-02 1.281618887019999875e-01 8.305227655989999569e-01 1.939291736929999940e-02
1.770657672850000156e-02 8.431703204049999581e-03 8.676222596960000422e-01 1.062394603710000024e-01
1.062394603710000024e-01 8.541315345700000172e-01 2.360876897130000096e-02 1.602023608770000024e-02
2.529510961209999881e-02 7.925801011800000240e-02 8.634064080940000441e-01 3.204047217540000048e-02
7.504215851600000431e-02 1.155143338950000015e-01 6.922428330519999617e-01 1.172006745359999991e-01
1.011804384490000083e-02 6.408094435080000095e-02 7.967959527819999943e-01 1.290050590219999904e-01
9.266441821249999933e-01 1.180438448570000042e-02 2.613827993250000120e-02 3.541315345700000311e-02
7.757166947720000039e-01 1.180438448570000042e-02 1.821247892070000096e-01 3.035413153459999916e-02
