3.006700167499999909e-01 2.420435510889999975e-01 2.680067001679999894e-01 1.892797319929999944e-01
2.026800670020000028e-01 2.303182579559999998e-01 3.015075376879999824e-01 2.654941373529999815e-01
2.487437185930000128e-01 2.085427135679999988e-01 2.269681742040000061e-01 3.157453936349999823e-01
6.197654941369999670e-02 2.068676716919999881e-01 7.043551088780000136e-01 2.680067001680000102e-02
4.187604690120000361e-03 9.380234505860000072e-01 1.591289782240000103e-02 4.187604690119999667e-02
9.891122278060000550e-01 4.187604690120000361e-03 4.187604690120000361e-03 2.512562814070000081e-03
7.537688442210000242e-03 9.882747068680000080e-01 4.187604690120000361e-03 0.000000000000000000e+00
5.611390284759999736e-02 6.700167504189999575e-03 8.944723618090000272e-01 4.271356783920000205e-02
1.172529313230000030e-02 4.187604690120000361e-03 7.286432160799999336e-02 9.112227805699999461e-01
6.700167504189999401e-02 2.261306532659999868e-02 9.087102177550000492e-01 1.675041876050000064e-03
2.010050251259999990e-02 5.368509212730000479e-01 6.783919597989999939e-02 3.752093802350000007e-01
1.658291457290000104e-01 2.613065326630000240e-01 3.073701842550000118e-01 2.654941373529999815e-01
3.291457286430000129e-01 1.423785594639999930e-01 2.629815745390000070e-01 2.654941373529999815e-01
3.391959798990000219e-01 2.562814070350000195e-01 1.959798994970000097e-01 2.085427135679999988e-01
