3.378378378380000185e-02 1.148648648649999993e-01 7.922297297300000540e-01 5.912162162159999984e-02
5.067567567569999931e-03 9.189189189190000162e-01 2.111486486489999939e-02 5.489864864860000138e-02
8.555743243240000462e-01 6.756756756760000371e-02 4.983108108110000101e-02 2.702702702700000154e-02
5.827702702700000154e-02 9.155405405409999808e-01 1.520270270270000085e-02 1.097972972970000065e-02
3.378378378380000185e-02 1.351351351350000077e-02 9.231418918920000216e-01 2.956081081079999992e-02
4.391891891889999899e-02 4.476351351349999730e-02 3.209459459459999831e-02 8.792229729730000054e-01
8.952702702699999460e-02 3.716216216220000201e-02 8.479729729730000054e-01 2.533783783780000146e-02
5.320945945950000117e-02 6.993243243240000462e-01 1.266891891890000073e-02 2.347972972969999961e-01
3.741554054049999745e-01 1.925675675680000032e-01 1.461148648649999993e-01 2.871621621620000231e-01
2.043918918919999939e-01 2.787162162160000123e-01 9.712837837839999322e-02 4.197635135139999862e-01
2.694256756760000093e-01 1.528716216219999924e-01 1.731418918919999939e-01 4.045608108109999823e-01
2.305743243239999907e-01 1.604729729730000054e-01 4.265202702700000015e-01 1.824324324319999968e-01
3.192567567569999931e-01 1.461148648649999993e-01 2.010135135139999862e-01 3.336148648650000270e-01
2.077702702700000015e-01 1.469594594589999914e-01 4.729729729730000054e-01 1.722972972969999961e-01
