2.700911350460000193e-01 1.615575807790000096e-01 3.935376967690000227e-01 1.748135874070000095e-01
1.425020712510000065e-01 2.560066280030000030e-01 5.153272576640000047e-01 8.616404308199999973e-02
1.491300745649999995e-02 9.221209610599999662e-01 2.154101077049999993e-02 4.142502071250000334e-02
8.624689312340000358e-01 3.396851698429999983e-02 3.479701739850000336e-02 6.876553438280000319e-02
1.657000828499999995e-02 9.494614747309999547e-01 9.113504556749999971e-03 2.485501242749999992e-02
2.982601491299999991e-02 2.154101077049999993e-02 8.873239436619999587e-01 6.130903065450000328e-02
9.113504556749999971e-03 1.325600662799999996e-02 1.822700911349999994e-02 9.594034797020000171e-01
5.053852526929999978e-02 1.905550952779999987e-02 8.964374482189999549e-01 3.396851698429999983e-02
3.645401822699999989e-02 3.347141673569999920e-01 4.142502071250000334e-02 5.874067937029999742e-01
2.253521126759999993e-01 4.846727423359999953e-01 1.425020712510000065e-01 1.474730737369999989e-01
1.748135874070000095e-01 1.764705882350000032e-01 1.491300745649999926e-01 4.995857497930000224e-01
1.864125932060000101e-01 2.560066280030000030e-01 2.601491300750000124e-01 2.974316487159999745e-01
1.897265948630000032e-01 9.030654515329999965e-02 5.318972659489999977e-01 1.880695940350000095e-01
2.676056338030000092e-01 1.275890637950000128e-01 3.024026512010000167e-01 3.024026512010000167e-01
