2.465501379939999960e-01 3.127874884999999883e-01 2.198712051520000099e-01 2.207911683530000002e-01
1.922723091080000002e-01 2.373505059799999872e-01 3.633854645810000172e-01 2.069917203309999953e-01
2.373505059799999872e-01 2.603495860169999787e-01 2.640294388219999733e-01 2.382704691810000053e-01
2.364305427779999913e-01 1.646734130630000126e-01 2.842686292550000160e-01 3.146274149030000022e-01
8.003679852809999495e-01 3.955841766329999676e-02 1.416743330269999990e-01 1.839926402939999830e-02
8.077276908920000276e-01 1.297148114080000081e-01 5.335786568539999802e-02 9.199632014720000514e-03
1.655933762650000154e-02 9.466421343149999945e-01 1.195952161909999943e-02 2.483900643969999891e-02
8.436062557500000336e-01 1.655933762650000154e-02 8.647654093840000111e-02 5.335786568539999802e-02
4.130634774609999726e-01 5.979760809569999863e-02 4.756209751609999925e-01 5.151793928239999792e-02
9.199632014719999473e-02 6.117755289790000051e-01 1.195952161909999978e-01 1.766329346830000091e-01
2.207911683529999863e-02 2.115915363389999845e-02 8.279668813250000772e-03 9.484820607180000085e-01
3.219871205150000304e-02 5.979760809569999863e-02 8.620055197789999735e-01 4.599816007359999737e-02
8.279668813250000772e-03 2.299908003679999868e-02 2.023919043239999840e-02 9.484820607180000085e-01
3.495860165589999985e-02 2.042318307269999911e-01 9.015639374429999797e-02 6.706531738730000525e-01
