3.503184713379999815e-01 1.656050955410000025e-01 3.384895359419999861e-01 1.455868971790000022e-01
7.807097361239999644e-01 3.730664240220000344e-02 1.474067333940000113e-01 3.457688808010000309e-02
6.969972702460000002e-01 1.719745222930000039e-01 1.000909918109999935e-01 3.093721565060000150e-02
2.911737943589999891e-02 9.090081892629999771e-01 4.276615104639999720e-02 1.910828025479999887e-02
8.653321201089999581e-01 2.547770700640000080e-02 6.096451319380000178e-02 4.822565969059999791e-02
4.977252047319999928e-01 6.278434940860000424e-02 4.158325750679999766e-01 2.365787079159999834e-02
6.187443130120000301e-02 6.378525932669999454e-01 4.731574158330000002e-02 2.529572338489999850e-01
2.274795268430000045e-02 1.273885350320000040e-02 1.455868971789999952e-02 9.499545040950000407e-01
1.546860782530000075e-02 3.821656050959999773e-02 8.980891719750000446e-01 4.822565969059999791e-02
2.456778889899999957e-02 6.551410373070000459e-02 3.275705186530000063e-02 8.771610555050000091e-01
6.824385805280000494e-02 2.620564149230000250e-01 1.210191082799999956e-01 5.486806187439999816e-01
1.574158325749999976e-01 2.174704276620000043e-01 3.539581437670000219e-01 2.711555959959999762e-01
4.422202001819999784e-01 2.857142857139999825e-01 1.947224749769999874e-01 7.734303912649999335e-02
2.311191992720000032e-01 4.549590536850000033e-01 1.665150136490000099e-01 1.474067333940000113e-01
