2.122557726469999906e-01 2.451154529310000108e-01 2.184724689170000067e-01 3.241563055059999976e-01
3.952042628770000010e-01 1.953818827709999928e-01 2.246891651869999951e-01 1.847246891650000111e-01
2.397868561279999922e-01 3.374777975129999996e-01 1.971580817049999879e-01 2.255772646539999926e-01
8.880994671399999527e-03 4.440497335699999937e-02 9.138543516870000216e-01 3.285968028419999909e-02
1.598579040850000091e-02 9.325044404969999867e-01 1.687388987570000165e-02 3.463587921849999723e-02
8.916518650089999554e-01 4.618117229129999751e-02 4.174067495560000035e-02 2.042628774420000154e-02
3.552397868559999811e-02 9.307282415630000472e-01 1.243339253999999929e-02 2.131438721139999881e-02
6.571936056839999818e-02 4.085257548849999948e-02 8.321492007099999810e-01 6.127886323270000102e-02
1.598579040850000091e-02 1.776198934279999905e-02 2.841918294849999846e-02 9.378330373000000053e-01
5.239786856129999976e-02 6.394316163409999310e-02 8.570159857900000455e-01 2.664298401420000031e-02
1.687388987570000165e-02 7.779751332150000032e-01 1.687388987570000165e-02 1.882770870340000069e-01
2.042628774420000015e-01 1.296625222020000023e-01 3.623445825930000086e-01 3.037300177619999819e-01
2.628774422740000061e-01 1.554174067499999867e-01 1.927175843689999946e-01 3.889875666070000126e-01
2.051509769089999990e-01 3.534635879219999999e-01 2.078152753109999973e-01 2.335701598580000038e-01
