2.149122807019999970e-01 2.653508771929999899e-01 2.576754385960000060e-01 2.620614035089999794e-01
2.565789473680000210e-01 2.489035087719999872e-01 2.247807017540000007e-01 2.697368421049999854e-01
2.609649122809999944e-01 2.258771929820000135e-01 2.412280701750000034e-01 2.719298245610000109e-01
2.247807017540000007e-01 2.214912280699999902e-01 2.905701754389999891e-01 2.631578947370000199e-01
2.335526315789999974e-01 2.302631578949999869e-01 3.168859649119999955e-01 2.192982456139999925e-01
1.414473684210000026e-01 2.467105263159999895e-01 5.767543859649999494e-01 3.508771929820000274e-02
6.578947368420000157e-03 9.879385964910000206e-01 0.000000000000000000e+00 5.482456140349999986e-03
9.989035087719999595e-01 0.000000000000000000e+00 1.096491228069999954e-03 0.000000000000000000e+00
1.096491228069999954e-03 9.978070175440000300e-01 0.000000000000000000e+00 1.096491228069999954e-03
0.000000000000000000e+00 6.578947368420000157e-03 9.923245614040000495e-01 1.096491228069999954e-03
1.096491228069999954e-03 0.000000000000000000e+00 5.263157894739999704e-02 9.462719298249999689e-01
5.482456140349999986e-03 2.192982456139999908e-03 9.879385964910000206e-01 4.385964912279999815e-03
1.644736842109999903e-02 4.309210526319999790e-01 1.469298245610000109e-01 4.057017543859999797e-01
2.467105263159999895e-01 2.456140350880000045e-01 2.335526315789999974e-01 2.741228070180000143e-01
