6.464811783960000557e-02 3.756137479539999879e-01 4.754500818330000267e-01 8.428805237320000088e-02
1.317512274959999896e-01 3.600654664479999850e-02 4.091653027819999733e-02 7.913256955809999660e-01
2.700490998360000061e-02 9.108019639929999522e-01 2.209492635019999832e-02 4.009819967270000091e-02
9.148936170210000274e-01 3.027823240589999979e-02 3.191489361699999944e-02 2.291325695580000155e-02
7.234042553189999891e-01 3.600654664479999850e-02 4.582651391160000309e-02 1.947626841239999962e-01
4.770867430440000057e-01 1.268412438629999972e-01 2.970540098200000201e-01 9.901800327330000095e-02
4.320785597380000231e-01 3.126022913259999814e-01 1.743044189849999870e-01 8.101472995090000517e-02
6.219312602290000269e-02 3.469721767589999950e-01 3.109656301149999955e-02 5.597381342060000486e-01
9.901800327330000095e-02 7.135842880520000264e-01 1.227495908350000053e-01 6.464811783960000557e-02
1.579378068739999974e-01 5.458265139119999887e-01 2.397708674300000065e-01 5.646481178400000051e-02
3.584288052369999922e-01 5.237315875609999810e-02 7.364975450079999653e-02 5.155482815059999613e-01
1.775777414080000061e-01 8.756137479539999324e-02 3.535188216039999998e-01 3.813420621929999865e-01
2.454991816690000120e-02 2.234042553189999891e-01 4.779050736500000118e-01 2.741407528640000257e-01
8.625204582650000118e-01 8.919803600650000330e-02 2.864157119480000013e-02 1.963993453359999877e-02
