6.677551020409999705e-01 1.265306122450000070e-01 3.102040816330000131e-02 1.746938775509999930e-01
3.110204081629999728e-01 1.061224489800000059e-02 0.000000000000000000e+00 6.783673469390000266e-01
2.040816326530000002e-01 7.265306122450000681e-02 7.134693877550000174e-01 9.795918367350000058e-03
0.000000000000000000e+00 8.979591836729999832e-02 7.020408163270000501e-02 8.399999999999999689e-01
3.265306122450000164e-03 4.106122448980000228e-01 1.959183673470000012e-02 5.665306122450000093e-01
2.783673469390000044e-01 2.840816326530000158e-01 3.297959183670000072e-01 1.077551020410000004e-01
3.110204081629999728e-01 5.183673469389999955e-01 2.285714285709999904e-02 1.477551020410000082e-01
1.632653061219999924e-01 1.632653061219999958e-03 2.293877551019999905e-01 6.057142857139999892e-01
6.073469387759999893e-01 2.351020408160000019e-01 5.469387755099999748e-02 1.028571428569999974e-01
9.795918367349999711e-02 4.571428571430000143e-01 2.089795918369999894e-01 2.359183673470000020e-01
1.224489795920000040e-01 6.481632653059999916e-01 1.199999999999999956e-01 1.093877551019999950e-01
5.142857142860000202e-02 7.526530612239999973e-01 1.567346938779999865e-01 3.918367346940000023e-02
4.653061224490000203e-02 3.510204081630000084e-02 1.289795918370000016e-01 7.893877551019999883e-01
1.959183673470000012e-02 2.759183673469999820e-01 5.926530612239999662e-01 1.118367346940000034e-01
