4.818258664410000197e-02 9.044801352490000612e-02 5.579036348270000056e-02 8.055790363479999883e-01
3.972950126799999759e-02 8.216398985630000151e-01 3.634826711749999939e-02 1.022823330520000046e-01
5.207100591719999727e-01 1.208791208790000044e-01 3.338968723579999742e-01 2.451394759090000028e-02
7.776838546070000135e-02 3.296703296700000119e-02 4.142011834320000196e-02 8.478444632289999783e-01
4.142011834320000196e-02 3.550295857989999720e-02 5.240912933220000236e-02 8.706677937450000293e-01
3.719357565510000158e-02 5.156382079460000017e-02 8.892645815719999458e-01 2.197802197800000079e-02
7.523245984780000395e-01 7.016060862209999582e-02 8.453085376159999442e-02 9.298393913779999520e-02
1.538461538460000055e-01 5.511411665259999815e-01 5.917159763310000237e-02 2.358410819950000070e-01
4.142011834320000196e-02 8.655959425189999612e-01 6.846999154690000533e-02 2.451394759090000028e-02
3.465765004230000196e-02 3.989856297550000153e-01 1.081994928150000063e-01 4.581572273880000212e-01
1.048182586640000052e-01 6.415891800509999632e-01 1.639898562980000030e-01 8.960270498729999700e-02
1.665257819100000036e-01 1.521555367709999940e-01 1.445477599320000028e-01 5.367709213860000217e-01
4.488588334740000185e-01 1.885038038880000044e-01 1.732882502110000000e-01 1.893491124259999991e-01
1.546914623840000003e-01 6.593406593410000571e-02 4.513947590869999971e-01 3.279797125949999725e-01
