2.259194395799999922e-01 2.232924693520000059e-01 2.933450087569999809e-01 2.574430823120000267e-01
8.844133099819999344e-02 1.996497373030000078e-01 5.805604203149999920e-01 1.313485113839999996e-01
2.618213660250000019e-01 3.047285464100000230e-01 3.117338003499999788e-01 1.217162872149999964e-01
5.779334500880000114e-01 1.068301225920000042e-01 3.073555166370000036e-01 7.880910683010000639e-03
3.677758318740000087e-02 4.203152364269999858e-02 8.704028021020000505e-01 5.078809106829999809e-02
1.401050788090000068e-02 1.838879159370000044e-02 7.005253940460000051e-01 2.670753064799999965e-01
4.903677758319999885e-02 8.231173380039999432e-02 2.434325744309999984e-01 6.252189141859999522e-01
1.401050788090000068e-02 7.504378283710000375e-01 2.364273204900000161e-02 2.119089316989999916e-01
7.670753064799999965e-01 8.231173380039999432e-02 1.330998248689999885e-01 1.751313485109999915e-02
1.252189141860000077e-01 1.865148861650000045e-01 1.339754816110000080e-01 5.542907180389999855e-01
1.252189141860000077e-01 4.816112084060000104e-02 2.626970227669999866e-02 8.003502626970000478e-01
6.217162872149999825e-02 5.253940455339999732e-02 8.660245183889999643e-01 1.926444833630000172e-02
8.957968476359999821e-01 3.239929947459999765e-02 1.838879159370000044e-02 5.341506129600000208e-02
6.742556917689999929e-02 8.686514886159999449e-01 1.138353765320000016e-02 5.253940455339999732e-02
