3.293460925039999876e-01 1.626794258370000135e-01 1.275917065390000105e-01 3.803827751200000162e-01
2.296650717700000066e-01 3.125996810209999976e-01 1.610845295059999960e-01 2.966507177029999998e-01
1.921850079740000106e-01 2.113237639549999936e-01 3.293460925039999876e-01 2.671451355660000027e-01
1.961722488039999990e-01 2.727272727269999808e-01 2.687400318979999980e-01 2.623604465709999944e-01
4.170653907499999868e-01 9.968102073369999871e-02 3.676236044660000091e-01 1.156299840510000010e-01
4.840510366829999800e-01 9.250398724080000079e-02 3.181818181819999758e-01 1.052631578950000008e-01
2.360446570970000102e-01 4.090909090909999879e-01 1.259968102069999873e-01 2.288676236040000089e-01
2.121212121209999912e-01 4.944178628390000219e-01 1.371610845300000048e-01 1.562998405100000099e-01
8.771929824559999631e-03 9.569377990430000605e-03 2.631578947369999852e-02 9.553429027109999749e-01
9.649122807019999692e-01 1.196172248800000081e-02 1.116427432219999939e-02 1.196172248800000081e-02
9.314194577350000115e-01 1.834130781499999918e-02 2.711323763959999980e-02 2.312599681020000020e-02
9.569377990430000605e-03 1.275917065390000035e-02 3.349282296649999657e-02 9.441786283890000187e-01
5.422647527910000320e-02 7.830940988839999450e-01 8.054226475280000519e-02 8.213716108450000442e-02
1.116427432219999939e-02 9.370015948959999896e-01 3.349282296649999657e-02 1.834130781499999918e-02
