7.228618421050000409e-01 8.470394736840000660e-02 1.825657894740000120e-01 9.868421052629999801e-03
6.578947368420000330e-02 7.351973684210000304e-01 1.250000000000000000e-01 7.401315789470000461e-02
5.148026315789999696e-01 3.215460526319999790e-01 1.134868421049999992e-01 5.016447368420000330e-02
6.414473684209999471e-02 2.960526315789999835e-02 1.134868421049999992e-01 7.927631578949999591e-01
5.296052631580000503e-01 3.133223684209999749e-01 4.194078947370000199e-02 1.151315789470000045e-01
9.095394736840000105e-01 1.973684210529999886e-02 5.921052631579999670e-02 1.151315789469999941e-02
1.398026315790000008e-02 3.289473684210000078e-03 3.125000000000000000e-02 9.514802631580000503e-01
5.345394736839999966e-02 7.384868421050000409e-01 1.472039473679999932e-01 6.085526315789999835e-02
3.437500000000000000e-01 5.550986842109999486e-01 4.934210526320000068e-02 5.180921052629999801e-02
2.269736842110000041e-01 4.720394736840000105e-01 1.430921052630000079e-01 1.578947368420000053e-01
5.937500000000000000e-01 7.319078947370000199e-02 2.023026315789999974e-01 1.307565789469999906e-01
2.277960526320000068e-01 4.037828947370000199e-01 1.513157894740000120e-01 2.171052631579999947e-01
5.016447368420000330e-02 2.195723684210000026e-01 6.126644736840000105e-01 1.175986842110000041e-01
2.713815789470000114e-02 3.527960526319999790e-01 1.036184210529999955e-01 5.164473684210000304e-01
