1.167315175099999935e-01 2.101167315180000120e-02 9.727626459139999959e-02 7.649805447469999464e-01
3.455252918289999919e-01 1.486381322960000084e-01 1.003891050579999999e-01 4.054474708169999997e-01
4.303501945529999984e-01 1.867704280159999952e-01 2.677042801560000074e-01 1.151750972760000047e-01
2.466926070040000030e-01 3.361867704279999924e-01 1.081712062260000023e-01 3.089494163420000161e-01
3.346303501950000092e-02 5.642023346300000242e-01 6.770428015559999679e-02 3.346303501949999815e-01
5.914396887159999866e-02 4.801556420229999844e-01 7.159533073929999492e-02 3.891050583660000117e-01
3.501945525289999750e-02 8.949416342410000391e-01 3.501945525289999750e-02 3.501945525289999750e-02
3.112840466929999925e-02 6.840466926070000175e-01 5.214007782099999710e-02 2.326848249029999927e-01
8.093385214010000162e-02 1.237354085599999959e-01 1.408560311279999921e-01 6.544747081709999526e-01
4.840466926070000064e-01 2.770428015559999735e-01 1.455252918290000086e-01 9.338521400780000481e-02
8.715953307389999738e-01 3.346303501950000092e-02 4.124513618680000077e-02 5.369649805449999702e-02
4.202334630349999905e-02 2.801556420229999941e-02 6.692607003889999850e-02 8.630350194550000520e-01
3.579766536960000273e-02 7.276264591440000373e-01 9.338521400780000481e-02 1.431906614790000032e-01
5.836575875490000037e-02 7.898832684819999672e-01 1.097276264589999994e-01 4.202334630349999905e-02
