2.776000000000000134e-01 2.800000000000000058e-02 6.455999999999999517e-01 4.880000000000000310e-02
3.520000000000000212e-02 9.232000000000000206e-01 2.879999999999999921e-02 1.280000000000000061e-02
5.744000000000000217e-01 9.520000000000000684e-02 3.119999999999999857e-02 2.992000000000000215e-01
9.439999999999999780e-02 7.752000000000000002e-01 8.719999999999999973e-02 4.320000000000000229e-02
8.000000000000000167e-02 3.359999999999999792e-02 8.783999999999999586e-01 8.000000000000000167e-03
2.960000000000000131e-02 2.400000000000000050e-02 2.319999999999999840e-02 9.232000000000000206e-01
5.999999999999999778e-02 1.760000000000000106e-02 9.143999999999999906e-01 8.000000000000000167e-03
6.719999999999999585e-02 7.199999999999999734e-01 1.791999999999999982e-01 3.359999999999999792e-02
3.351999999999999980e-01 4.103999999999999870e-01 2.071999999999999953e-01 4.719999999999999890e-02
8.959999999999999909e-02 1.247999999999999943e-01 6.423999999999999710e-01 1.431999999999999940e-01
3.864000000000000212e-01 6.560000000000000553e-02 3.840000000000000080e-01 1.640000000000000069e-01
3.039999999999999925e-01 3.447999999999999954e-01 2.975999999999999757e-01 5.360000000000000181e-02
1.287999999999999978e-01 2.223999999999999866e-01 2.664000000000000257e-01 3.824000000000000177e-01
5.840000000000000052e-02 3.447999999999999954e-01 5.999999999999999778e-02 5.368000000000000549e-01
