9.741881765200000043e-02 1.748542880929999932e-01 4.204829308909999730e-01 3.072439633640000056e-01
4.845961698580000254e-01 2.422980849290000127e-01 1.790174854290000062e-01 9.408825978349999453e-02
9.492089925060000211e-02 8.576186511239999866e-02 3.971690258119999761e-01 4.221482098250000092e-01
4.820982514570000266e-01 1.765195670270000017e-01 8.243130724399999609e-02 2.589508742709999978e-01
2.014987510410000127e-01 7.993338884259999777e-02 5.162364696090000066e-02 6.669442131560000542e-01
1.948376353040000009e-01 1.373855120730000101e-01 6.053288925900000006e-01 6.244796003329999845e-02
6.810990840970000404e-01 1.482098251460000071e-01 6.994171523730000062e-02 1.007493755200000035e-01
8.975853455450000240e-01 1.332223147379999958e-02 3.497085761870000198e-02 5.412156536220000258e-02
4.246461282260000081e-02 8.800999167359999653e-01 2.664446294749999930e-02 5.079100749380000002e-02
9.267277268939999590e-01 2.164862614489999892e-02 4.079933388839999953e-02 1.082431307239999953e-02
6.985845129059999881e-01 2.914238134890000109e-02 1.523730224809999867e-01 1.199000832640000069e-01
1.132389675269999951e-01 7.027477102410000231e-01 6.244796003329999845e-02 1.215653621980000015e-01
5.162364696090000066e-02 8.659450457950000624e-02 2.997502081600000173e-02 8.318068276440000464e-01
1.873438800999999987e-01 1.915070774350000060e-02 6.069941715240000368e-01 1.865112406330000083e-01
