2.265372168279999876e-02 3.365695792880000203e-01 4.692556634300000251e-01 1.715210355990000046e-01
4.061488673140000172e-01 1.173139158579999952e-01 4.490291262139999851e-01 2.750809061490000137e-02
6.391585760519999382e-02 5.097087378639999500e-01 2.435275080909999890e-01 1.828478964399999906e-01
5.258899676380000138e-02 1.003236245949999939e-01 7.548543689319999750e-01 9.223300970870000615e-02
7.491909385110000485e-01 3.964401294500000117e-02 1.618122977349999991e-01 4.935275080910000306e-02
5.825242718450000107e-02 4.862459546930000265e-01 4.425566343039999961e-01 1.294498381880000021e-02
9.247572815529999657e-01 2.831715210359999832e-02 3.398058252430000148e-02 1.294498381880000021e-02
1.860841423949999990e-02 2.063106796120000030e-01 7.160194174759999530e-01 5.906148867310000161e-02
4.498381877020000141e-01 2.435275080909999890e-01 1.488673139159999992e-01 1.577669902909999977e-01
2.742718446599999860e-01 4.935275080910000306e-02 5.582524271840000329e-02 6.205501618119999563e-01
2.766990291259999735e-01 3.090614886729999844e-01 1.771844660190000087e-01 2.370550161810000001e-01
2.572815533980000180e-01 7.524271844659999320e-02 4.943365695790000180e-01 1.731391585760000129e-01
9.546925566340000446e-02 2.831715210359999832e-02 2.427184466019999959e-02 8.519417475730000078e-01
2.184466019420000168e-02 8.414239482199999953e-01 7.281553398060000570e-02 6.391585760519999382e-02
