3.061440677969999857e-01 1.917372881359999948e-01 2.584745762710000117e-01 2.436440677970000135e-01
2.118644067799999864e-01 2.669491525420000233e-01 2.605932203390000090e-01 2.605932203390000090e-01
2.531779661019999961e-01 2.595338983050000103e-01 2.521186440679999974e-01 2.351694915249999962e-01
2.341101694920000031e-01 3.061440677969999857e-01 2.129237288140000128e-01 2.468220338980000039e-01
2.489406779660000013e-01 2.118644067799999864e-01 2.648305084750000038e-01 2.743644067800000141e-01
2.118644067799999812e-03 3.135593220339999987e-01 6.843220338979999484e-01 0.000000000000000000e+00
1.059322033899999906e-03 9.978813559320000026e-01 1.059322033899999906e-03 0.000000000000000000e+00
9.819915254240000335e-01 2.118644067799999812e-03 2.118644067799999812e-03 1.377118644070000029e-02
4.237288135589999810e-03 9.894067796609999910e-01 2.118644067799999812e-03 4.237288135589999810e-03
0.000000000000000000e+00 0.000000000000000000e+00 1.000000000000000000e+00 0.000000000000000000e+00
6.355932203390000056e-03 3.177966101690000121e-03 9.533898305080000177e-03 9.809322033899999793e-01
1.059322033899999906e-03 1.059322033899999906e-03 9.978813559320000026e-01 0.000000000000000000e+00
8.262711864409999496e-02 4.936440677969999857e-01 1.567796610169999993e-01 2.669491525420000233e-01
2.372881355929999936e-01 2.627118644070000064e-01 2.563559322030000143e-01 2.436440677970000135e-01
2.383474576269999923e-01 2.436440677970000135e-01 2.510593220339999987e-01 2.669491525420000233e-01
2.711864406780000181e-01 2.256355932200000136e-01 2.500000000000000000e-01 2.531779661019999961e-01
