1.530100334449999988e-01 3.678929765890000259e-02 5.367892976589999643e-01 2.734113712369999893e-01
5.994983277590000270e-01 8.444816053510000031e-02 1.521739130429999864e-01 1.638795986619999978e-01
5.392976588629999624e-01 2.349498327760000116e-01 1.045150501669999954e-01 1.212374581940000029e-01
4.866220735790000029e-01 1.496655518389999884e-01 2.500000000000000000e-01 1.137123745819999948e-01
5.225752508359999826e-01 5.852842809360000315e-02 1.045150501669999954e-01 3.143812709029999986e-01
7.416387959869999991e-01 2.115384615379999889e-01 1.003344481610000082e-02 3.678929765890000259e-02
1.588628762540000017e-01 1.346153846150000000e-01 5.802675585280000492e-01 1.262541806019999990e-01
4.849498327759999700e-02 1.304347826089999884e-01 1.036789297660000025e-01 7.173913043480000251e-01
6.964882943139999449e-01 4.096989966560000279e-02 2.240802675590000126e-01 3.846153846150000138e-02
7.215719063550000145e-01 3.846153846150000138e-02 4.431438127089999679e-02 1.956521739129999937e-01
3.202341137120000014e-01 4.933110367889999986e-02 5.877926421400000434e-01 4.264214046820000159e-02
8.369565217390000367e-01 6.688963210699999662e-02 5.602006688959999814e-02 4.013377926419999658e-02
1.964882943140000005e-01 6.003344481610000116e-01 4.013377926419999658e-02 1.630434782609999911e-01
3.177257525080000311e-02 8.520066889630000251e-01 9.197324414719999786e-02 2.424749163879999850e-02
4.690635451510000165e-01 1.321070234110000019e-01 8.695652173909999838e-02 3.118729096990000005e-01
7.023411371240000090e-02 6.078595317730000058e-01 1.714046822739999920e-01 1.505016722410000007e-01
