1.166950596250000000e-01 4.625212947189999979e-01 2.572402044289999745e-01 1.635434412270000137e-01
1.243611584329999964e-01 4.761499148209999976e-01 2.061328790460000004e-01 1.933560477000000055e-01
5.885860306639999484e-01 1.192504258940000061e-01 2.069846678020000053e-01 8.517887563880000013e-02
3.577512776829999686e-02 2.555366269170000065e-02 9.224872231690000035e-01 1.618398637139999846e-02
1.703577512779999928e-02 4.258943781940000006e-03 9.352640545139999650e-01 4.344122657579999741e-02
5.281090289609999960e-02 3.270868824529999941e-01 3.918228279390000013e-02 5.809199318569999715e-01
5.025553662690000062e-02 7.137989778529999496e-01 4.684838160140000068e-02 1.890971039179999980e-01
4.531516183989999780e-01 8.432708688249999918e-02 4.045996592839999906e-01 5.792163543440000117e-02
3.756388415670000036e-01 8.262350936970000448e-02 8.773424190799999911e-02 4.540034071549999828e-01
2.555366269170000065e-02 2.683134582619999819e-01 6.218057921640000180e-02 6.439522998300000189e-01
1.124361158430000063e-01 4.088586030659999843e-02 8.287904599659999816e-01 1.788756388420000010e-02
6.865417376489999501e-01 1.712095400339999907e-01 6.814310051109999378e-02 7.410562180580000657e-02
3.194207836460000172e-01 6.303236797269999858e-01 1.959114139689999839e-02 3.066439522999999875e-02
3.662691652469999837e-01 5.630323679730000475e-01 1.448040885860000029e-02 5.621805792159999954e-02
1.218057921640000041e-01 6.226575809200000089e-01 7.069846678020000330e-02 1.848381601359999904e-01
6.643952299829999908e-02 6.720613287900000232e-01 6.729131175470000337e-02 1.942078364569999882e-01
