2.230000000000000038e-01 1.719999999999999862e-01 4.510000000000000120e-01 1.539999999999999980e-01
6.536539999999999573e-01 5.505499999999999977e-02 2.802799999999999736e-01 1.101099999999999995e-02
2.900000000000000147e-02 1.499999999999999944e-02 9.370000000000000551e-01 1.899999999999999953e-02
2.197800000000000101e-02 8.991000000000000728e-03 6.453550000000000120e-01 3.236760000000000193e-01
2.400000000000000050e-02 4.900000000000000189e-02 1.010000000000000064e-01 8.259999999999999565e-01
1.101099999999999995e-02 8.758759999999999879e-01 1.301300000000000026e-02 1.000999999999999945e-01
7.207209999999999450e-01 1.301300000000000026e-02 2.492489999999999983e-01 1.701700000000000088e-02
1.439999999999999891e-01 1.209999999999999964e-01 7.499999999999999722e-02 6.600000000000000311e-01
2.297700000000000090e-02 9.190800000000000358e-02 4.795200000000000157e-02 8.371629999999999905e-01
1.079999999999999988e-01 1.019999999999999934e-01 7.530000000000000027e-01 3.699999999999999817e-02
7.622379999999999711e-01 1.118880000000000013e-01 7.792200000000000515e-02 4.795200000000000157e-02
1.341340000000000032e-01 7.737739999999999618e-01 9.008999999999999647e-03 8.308300000000000407e-02
1.130000000000000032e-01 7.980000000000000426e-01 3.799999999999999906e-02 5.099999999999999672e-02
2.500000000000000139e-02 3.830000000000000071e-01 7.099999999999999367e-02 5.210000000000000187e-01
9.500000000000000111e-02 3.130000000000000004e-01 2.119999999999999940e-01 3.800000000000000044e-01
