6.224165341809999585e-01 2.074721780600000121e-01 4.054054054049999883e-02 1.295707472179999931e-01
7.949125596179999753e-02 4.848966613669999925e-02 4.848966613669999925e-01 3.871224165339999801e-01
1.764705882350000032e-01 3.720190779009999726e-01 9.618441971379999844e-02 3.553259141489999995e-01
4.292527821940000238e-02 7.877583465819999464e-01 1.311605723369999865e-01 3.815580286169999863e-02
4.244833068359999961e-01 1.534181240059999951e-01 2.138314785369999915e-01 2.082670906200000116e-01
7.122416534180000536e-01 1.701112877579999960e-01 3.418124006360000189e-02 8.346581875990000121e-02
6.756756756760000371e-02 2.233704292529999913e-01 6.844197138309999762e-01 2.464228934820000133e-02
1.669316375200000091e-01 5.182829888709999944e-01 2.201907790139999987e-01 9.459459459459999831e-02
7.869634340219999746e-02 2.464228934820000133e-02 1.637519872809999888e-01 7.329093799679999854e-01
7.949125596179999753e-02 7.019077901429999766e-01 1.661367249600000096e-01 5.246422893480000293e-02
1.470588235289999879e-01 1.502384737680000082e-01 3.203497615259999765e-01 3.823529411759999941e-01
7.527821939590000344e-01 1.669316375200000091e-01 4.292527821940000238e-02 3.736089030209999856e-02
6.756756756760000371e-02 5.771065182829999696e-01 3.282988871220000049e-01 2.702702702700000154e-02
4.944356120830000201e-01 4.689984101749999912e-02 3.171701112879999895e-01 1.414944356120000080e-01
7.217806041340000256e-01 4.610492845789999905e-02 1.558028616849999881e-01 7.631160572339999726e-02
6.645468998410000161e-01 5.325914149440000300e-02 6.518282988870000016e-02 2.170111287760000118e-01
