4.830917874400000173e-02 6.441223832530000581e-02 7.801932367149999603e-01 1.070853462159999936e-01
2.037037037040000109e-01 5.394524959739999820e-02 2.753623188409999867e-01 4.669887278579999967e-01
1.400966183569999912e-01 7.858293075679999573e-01 2.657004830920000130e-02 4.750402576490000278e-02
1.167471819650000020e-01 4.106280193240000043e-02 7.318840579709999794e-01 1.103059581320000038e-01
2.520128824480000196e-01 1.876006441220000043e-01 2.979066022540000080e-01 2.624798711760000236e-01
5.869565217390000367e-01 4.991948470210000322e-02 1.086956521739999987e-01 2.544283413849999786e-01
2.141706924319999872e-01 4.758454106280000095e-01 2.431561996780000068e-01 6.682769726249999931e-02
5.475040257649999714e-02 1.714975845410000033e-01 5.958132045089999801e-02 7.141706924320000427e-01
5.233494363929999671e-02 1.932367149760000000e-02 8.373590982289999540e-02 8.446054750400000533e-01
3.301127214170000018e-02 2.600644122379999756e-01 5.974235104670000407e-01 1.095008051529999943e-01
3.921095008050000108e-01 1.360708534620000132e-01 3.059581320449999975e-02 4.412238325280000151e-01
3.220611916260000124e-02 8.027375201290000151e-01 1.360708534620000132e-01 2.898550724640000173e-02
4.251207729470000141e-01 1.223832528179999990e-01 3.373590982290000095e-01 1.151368760060000052e-01
7.165861513690000018e-02 7.415458937200000156e-01 2.495974235099999994e-02 1.618357487919999949e-01
4.331723027380000035e-01 1.811594202900000117e-01 1.191626409020000027e-01 2.665056360709999739e-01
1.400966183569999912e-01 5.128824476650000186e-01 2.109500805149999991e-01 1.360708534620000132e-01
