6.913680781759999894e-01 4.315960912050000042e-02 8.713355048859999785e-02 1.783387622150000018e-01
3.566775244300000036e-01 8.713355048859999785e-02 1.563517915310000117e-01 3.998371335500000012e-01
2.467426710099999976e-01 1.099348534200000060e-01 4.926710097720000125e-01 1.506514657980000116e-01
2.825732899019999800e-01 1.026058631920000047e-01 5.627035830619999679e-01 5.211726384359999936e-02
2.654723127040000130e-01 2.597719869710000129e-01 3.330618892509999984e-01 1.416938110750000090e-01
1.872964169379999835e-02 2.687296416940000016e-02 3.094462540719999932e-02 9.234527687300000398e-01
8.281758957649999475e-01 1.710097719870000074e-02 6.596091205210000141e-02 8.876221498370000240e-02
9.177524429969999842e-01 8.143322475569999760e-03 8.143322475569999760e-03 6.596091205210000141e-02
3.745928338759999671e-02 2.524429967429999908e-02 2.027687296419999896e-01 7.345276872960000425e-01
7.654723127040000130e-02 8.615635179149999656e-01 1.872964169379999835e-02 4.315960912050000042e-02
3.175895765469999993e-02 7.402280130289999871e-01 8.224755700329999808e-02 1.457654723129999941e-01
1.245928338759999948e-01 8.713355048859999785e-02 6.718241042350000525e-01 1.164495114010000026e-01
1.522801302929999989e-01 9.283387622149999463e-02 2.785016286640000227e-01 4.763843648209999948e-01
1.571661237789999943e-01 3.029315960910000105e-01 4.666123778499999819e-01 7.328990228010000274e-02
