5.939004815409999749e-02 1.396468699839999994e-01 2.584269662920000155e-01 5.425361155700000326e-01
1.797752808989999951e-01 1.869983948639999949e-01 2.110754414129999978e-01 4.221508828250000178e-01
5.056179775279999733e-01 6.340288924560000261e-02 1.629213483149999919e-01 2.680577849119999967e-01
4.606741573029999870e-01 4.301765650080000003e-01 6.982343499199999970e-02 3.932584269659999965e-02
1.043338683790000047e-02 4.229534510429999727e-01 1.396468699839999994e-01 4.269662921349999807e-01
8.394863563400000173e-01 2.166934189410000058e-02 1.123595505620000046e-01 2.648475120389999840e-02
2.640449438199999888e-01 2.231139646870000104e-01 4.606741573029999870e-01 5.216693418940000077e-02
2.247191011240000022e-02 8.475120385230000553e-01 2.166934189410000058e-02 1.083467094699999966e-01
8.426966292130000369e-02 8.025682182990000191e-02 1.757624398069999871e-01 6.597110754410000499e-01
2.006420545750000131e-02 1.083467094699999966e-01 8.515248796150000077e-01 2.006420545750000131e-02
4.012841091489999928e-02 2.166934189410000058e-02 8.828250401279999493e-02 8.499197431780000089e-01
1.589085072230000117e-01 1.524879614770000003e-02 9.630818619579999476e-03 8.162118780099999471e-01
5.136436597110000113e-02 9.630818619580000517e-02 4.518459069019999941e-01 4.004815409310000240e-01
1.211878009629999975e-01 5.537720706259999931e-02 8.073836276079999763e-01 1.605136436599999966e-02
