7.465249386750000271e-01 1.668029435810000072e-01 5.478331970559999903e-02 3.188879803760000242e-02
4.938675388389999754e-01 1.390024529839999912e-01 1.201962387570000013e-01 2.469337694189999988e-01
7.244480784960000141e-01 1.071136549469999949e-01 7.522485690919999968e-02 9.321340964839999743e-02
4.546197874080000201e-01 1.659852820930000084e-01 7.686017988549999347e-02 3.025347506130000030e-01
5.584627964020000279e-01 3.491414554369999812e-01 6.541291905149999864e-02 2.698282910870000023e-02
8.176614881440000260e-02 2.232215862630000103e-01 6.565821749800000440e-01 3.843008994279999840e-02
8.642681929679999486e-01 9.239574816029999527e-02 1.144726083400000004e-02 3.188879803760000242e-02
3.082583810299999727e-01 5.282093213409999599e-01 1.717089125099999919e-02 1.463614063779999919e-01
4.938675388389999754e-01 1.144726083400000038e-01 1.962387571549999987e-01 1.954210956659999943e-01
2.820932134099999877e-01 5.110384300900000509e-01 1.839738348319999994e-01 2.289452166800000008e-02
7.767784137369999897e-02 1.962387571549999848e-02 8.544562551100000070e-01 4.824202780049999945e-02
2.534750613249999937e-02 6.623058053970000414e-02 4.251839738350000203e-02 8.659035159439999463e-01
4.742436631230000088e-02 3.679476696649999767e-02 7.448896156990000295e-01 1.708912510220000069e-01
6.459525756339999647e-02 1.471790678659999907e-01 2.207686017990000138e-01 5.674570727719999708e-01
