7.478122513920000547e-02 4.828957836119999736e-01 2.442322991249999964e-01 1.980906921239999896e-01
1.233094669850000047e-01 2.434367541770000032e-01 1.638822593479999923e-01 4.693715194909999777e-01
7.732696897370000544e-01 3.818615751789999901e-02 1.670644391409999985e-01 2.147971360380000055e-02
2.776451869530000005e-01 8.353221957039999590e-02 6.125696101830000462e-01 2.625298329359999905e-02
1.431980906919999921e-02 4.335719968180000161e-01 4.494828957840000250e-01 1.026252983289999976e-01
9.069212410499999377e-02 8.194112967380000334e-02 8.989657915670000443e-02 7.374701670640000373e-01
3.977724741449999678e-03 5.171042163879999848e-02 8.520286396180000166e-01 9.228321400160000021e-02
3.739061256960000273e-02 1.797931583129999955e-01 5.250596658710000170e-02 7.303102625299999762e-01
2.871917263329999970e-01 4.168655529040000141e-01 3.102625298330000114e-02 2.649164677799999978e-01
4.606205250600000078e-01 1.058074781229999956e-01 8.830548926009999799e-02 3.452665075579999798e-01
1.272871917259999971e-02 2.863961813839999843e-02 2.267303102630000011e-01 7.319013524259999626e-01
2.744630071599999943e-01 6.364359586319999484e-02 1.431980906919999921e-02 6.475735879080000146e-01
1.352426412089999946e-02 8.019093078760000104e-01 1.535401750200000026e-01 3.102625298330000114e-02
7.159904534609999871e-01 1.742243436750000041e-01 8.512330946700000234e-02 2.466189339699999955e-02
