6.044052863440000367e-01 5.903083700439999693e-02 2.343612334799999863e-01 1.022026431719999934e-01
7.162995594709999914e-01 2.378854625550000032e-02 1.867841409690000065e-01 7.312775330399999552e-02
4.757709251100000064e-02 9.154185022030000285e-01 2.290748898679999951e-02 1.409691629960000032e-02
9.268722466959999906e-01 3.612334801759999742e-02 1.145374449339999975e-02 2.555066079299999834e-02
2.951541850220000263e-01 8.370044052859999806e-02 5.779735682819999720e-01 4.317180616739999671e-02
4.405286343610000099e-02 5.348017621149999679e-01 2.898678414099999934e-01 1.312775330400000051e-01
8.810572687220000546e-03 1.762114537439999837e-02 1.057268722470000068e-02 9.629955947139999806e-01
5.286343612329999844e-03 3.348017621149999845e-02 9.524229074890000479e-01 8.810572687220000546e-03
4.229074889869999937e-02 3.348017621149999845e-02 6.167400881060000097e-03 9.180616740089999617e-01
3.876651982379999972e-02 2.000000000000000111e-01 2.555066079299999834e-02 7.356828193829999529e-01
2.414096916300000062e-01 1.506607929519999944e-01 2.625550660789999768e-01 3.453744493390000225e-01
2.396475770929999971e-01 2.969162995590000076e-01 1.550660792949999922e-01 3.083700440530000031e-01
2.246696035240000056e-01 3.444933920700000152e-01 1.726872246700000002e-01 2.581497797360000068e-01
2.466960352420000113e-01 2.000000000000000111e-01 2.211453744490000095e-01 3.321585903079999902e-01
1.718061674009999928e-01 2.396475770929999971e-01 1.251101321589999926e-01 4.634361233479999953e-01
2.713656387669999837e-01 2.607929515419999955e-01 2.634361233479999842e-01 2.044052863439999868e-01
