2.976588628760000188e-01 3.060200668899999976e-01 1.764214046819999882e-01 2.198996655519999954e-01
7.541806020069999894e-01 1.045150501669999954e-01 5.016722408029999913e-02 9.113712374580000553e-02
1.496655518389999884e-01 1.162207357860000068e-01 4.908026755850000145e-01 2.433110367890000125e-01
8.946488294309999645e-02 1.906354515049999976e-01 3.168896321069999966e-01 4.030100334450000266e-01
2.265886287630000107e-01 6.688963210699999662e-02 1.831103678930000034e-01 5.234113712369999893e-01
7.107023411370000376e-02 2.826086956519999749e-01 2.357859531769999906e-01 4.105351170570000208e-01
8.202341137119999459e-01 3.010033444820000084e-02 1.421404682269999942e-01 7.525083612040000397e-03
2.257525083609999983e-02 4.849498327759999700e-02 9.071906354519999605e-01 2.173913043480000043e-02
4.347826086960000086e-02 8.277591973240000511e-02 6.956521739130000492e-01 1.780936454850000072e-01
1.162207357860000068e-01 2.040133779259999947e-01 5.602006688959999814e-02 6.237458193980000010e-01
5.852842809359999621e-03 9.222408026759999489e-01 1.337792642140000002e-02 5.852842809360000315e-02
6.270903010030000058e-01 5.100334448160000200e-02 2.884615384620000111e-01 3.344481605349999831e-02
4.849498327760000116e-01 6.270903010030000335e-02 1.488294314380000094e-01 3.035117056859999995e-01
3.093645484950000024e-02 1.705685618730000130e-01 4.515050167219999966e-02 7.533444816050000048e-01
2.015050167219999966e-01 4.264214046820000159e-02 5.652173913039999498e-01 1.906354515049999976e-01
7.031772575250000434e-01 3.260869565220000238e-02 1.538461538460000055e-01 1.103678929770000039e-01
