1.507092198579999993e-02 6.205673758869999918e-03 9.397163120570000139e-01 3.900709219859999771e-02
1.950354609929999886e-02 1.418439716310000015e-02 8.129432624110000116e-01 1.533687943260000075e-01
3.457446808510000053e-02 1.409574468089999921e-01 3.900709219859999771e-02 7.854609929079999775e-01
9.751773049649999428e-03 8.661347517730000334e-01 1.241134751770000058e-02 1.117021276599999974e-01
7.730496453899999842e-01 4.964539007089999872e-02 1.657801418440000008e-01 1.152482269500000080e-02
2.269503546099999880e-01 5.851063829790000004e-02 1.453900709219999865e-01 5.691489361699999527e-01
2.570921985819999908e-02 1.010638297870000007e-01 4.166666666669999880e-02 8.315602836879999460e-01
9.397163120569999861e-02 1.117021276599999974e-01 6.817375886519999595e-01 1.125886524820000067e-01
8.359929078009999959e-01 6.826241134749999606e-02 2.748226950349999878e-02 6.826241134749999606e-02
1.781914893619999940e-01 7.145390070920000225e-01 3.546099290779999857e-02 7.180851063830000214e-02
1.187943262410000034e-01 7.845744680849999764e-01 1.684397163120000124e-02 7.978723404260000540e-02
4.875886524820000067e-02 5.425531914890000529e-01 1.152482269500000045e-01 2.934397163119999985e-01
2.925531914889999835e-02 4.414893617019999827e-01 1.391843971629999899e-01 3.900709219860000188e-01
1.347517730499999955e-01 2.340425531910000079e-01 2.695035460990000131e-01 3.617021276599999835e-01
1.914893617020000105e-01 3.404255319150000236e-01 2.491134751769999989e-01 2.189716312059999948e-01
2.588652482270000221e-01 2.703900709220000143e-01 1.338652482269999944e-01 3.368794326239999970e-01
