9.584393553860000303e-02 2.400339270569999961e-01 1.636980491939999949e-01 5.004240882099999510e-01
1.713316369800000072e-01 4.418999151820000026e-01 2.264631043260000032e-01 1.603053435110000091e-01
5.462256149280000361e-01 2.705682782020000232e-01 1.458863443600000032e-01 3.731976251059999916e-02
4.588634435960000091e-01 8.905852417300000323e-02 4.368108566580000129e-01 1.526717557249999968e-02
7.633587786260000174e-02 8.736217133159999981e-02 7.743850720949999600e-01 6.191687871079999683e-02
1.195928753180000026e-01 6.615776081419999510e-02 5.029686174719999459e-01 3.112807463949999742e-01
7.209499575910000013e-02 6.276505513150000548e-02 2.629346904160000109e-02 8.388464800680000000e-01
1.272264631039999871e-01 7.260390161149999910e-01 4.834605597959999723e-02 9.838846480070000122e-02
7.277353689569999728e-01 7.888040712469999993e-02 1.441899915179999936e-01 4.919423240029999894e-02
4.656488549619999806e-01 3.138252756570000107e-02 5.089058524170000236e-02 4.520780322310000154e-01
3.138252756570000107e-02 1.798134011870000104e-01 4.834605597959999723e-02 7.404580152669999471e-01
1.068702290080000006e-01 5.224766751480000027e-01 3.519932145890000141e-01 1.865988125529999958e-02
8.295165394400000336e-01 3.562340966920000268e-02 4.410517387619999896e-02 9.075487701440000665e-02
4.681933842239999755e-01 4.580152671759999961e-01 3.986429177269999735e-02 3.392705682779999926e-02
2.798982188300000104e-02 8.787107718409999935e-01 6.361323155220000025e-02 2.968617472430000112e-02
1.891433418150000045e-01 5.911789652250000193e-01 4.240882103480000248e-02 1.772688719249999878e-01
